

 tanh_sinh
===============
 float
---------------
 k_max = 3.48552
 h     = 0.0544612
             -1    1.85736e-21
             -1    2.67098e-20
             -1    3.32631e-19
             -1    3.61483e-18
             -1    3.45297e-17
             -1    2.91912e-16
             -1    2.19831e-15
             -1    1.48382e-14
             -1    9.02924e-14
             -1    4.98084e-13
             -1    2.50383e-12
             -1    1.15269e-11
             -1    4.88264e-11
             -1    1.91151e-10
             -1    6.94546e-10
             -1    2.35159e-09
             -1    7.44739e-09
             -1    2.21404e-08
             -1    6.19985e-08
             -1    1.64056e-07
             -1    4.11474e-07
             -1    9.81049e-07
             -1    2.22963e-06
      -0.999999    4.84283e-06
      -0.999998    1.00778e-05
      -0.999995    2.01394e-05
       -0.99999    3.87357e-05
      -0.999981    7.18586e-05
      -0.999964     0.00012883
      -0.999935    0.000223645
      -0.999885    0.000376606
      -0.999801    0.000616235
      -0.999667    0.000981391
      -0.999455     0.00152351
      -0.999131     0.00230881
      -0.998647     0.00342035
      -0.997937     0.00495967
      -0.996918     0.00704798
      -0.995486     0.00982653
      -0.993507      0.0134561
      -0.990822      0.0181155
      -0.987239      0.0239985
      -0.982529      0.0313095
      -0.976431      0.0402579
      -0.968648      0.0510505
      -0.958846      0.0638818
      -0.946662      0.0789235
      -0.931705      0.0963116
      -0.913566       0.116132
      -0.891826       0.138408
      -0.866068       0.163081
      -0.835893           0.19
      -0.800938       0.218911
      -0.760891       0.249443
      -0.715516        0.28111
      -0.664667       0.313313
      -0.608313       0.345349
      -0.546546       0.376434
      -0.479603       0.405728
      -0.407861       0.432374
      -0.331847       0.455538
      -0.252223       0.474455
      -0.169774       0.488472
     -0.0853813       0.497091
              0            0.5
      0.0853813       0.497091
       0.169774       0.488472
       0.252223       0.474455
       0.331847       0.455538
       0.407861       0.432374
       0.479603       0.405728
       0.546546       0.376434
       0.608313       0.345349
       0.664667       0.313313
       0.715516        0.28111
       0.760891       0.249443
       0.800938       0.218911
       0.835893           0.19
       0.866068       0.163081
       0.891826       0.138408
       0.913566       0.116132
       0.931705      0.0963116
       0.946662      0.0789235
       0.958846      0.0638818
       0.968648      0.0510505
       0.976431      0.0402579
       0.982529      0.0313095
       0.987239      0.0239985
       0.990822      0.0181155
       0.993507      0.0134561
       0.995486     0.00982653
       0.996918     0.00704798
       0.997937     0.00495967
       0.998647     0.00342035
       0.999131     0.00230881
       0.999455     0.00152351
       0.999667    0.000981391
       0.999801    0.000616235
       0.999885    0.000376606
       0.999935    0.000223645
       0.999964    0.000128831
       0.999981    7.18586e-05
        0.99999    3.87357e-05
       0.999995    2.01394e-05
       0.999998    1.00778e-05
       0.999999    4.84283e-06
              1    2.22963e-06
              1    9.81049e-07
              1    4.11473e-07
              1    1.64055e-07
              1    6.19985e-08
              1    2.21404e-08
              1    7.44739e-09
              1     2.3516e-09
              1    6.94546e-10
              1    1.91151e-10
              1    4.88264e-11
              1    1.15269e-11
              1    2.50383e-12
              1    4.98084e-13
              1    9.02925e-14
              1    1.48382e-14
              1    2.19831e-15
              1    2.91911e-16
              1    3.45297e-17
              1    3.61483e-18
              1    3.32631e-19
              1    2.67099e-20
              1    1.85736e-21
 double
---------------
 k_max = 5.56495888501779
 h     = 0.0869524825784029
                      -1     1.950954631309e-176
                      -1   1.22237962693789e-161
                      -1   4.45431335616036e-148
                      -1   1.19634646054501e-135
                      -1   2.94274487938245e-124
                      -1   8.08967827835593e-114
                      -1   2.98302044652812e-104
                      -1     1.7441762293627e-95
                      -1    1.88514889002556e-87
                      -1    4.33498169313973e-80
                      -1    2.41265651342862e-73
                      -1    3.65754187338265e-67
                      -1    1.68311808050173e-61
                      -1    2.59657021118526e-56
                      -1    1.47090169717389e-51
                      -1    3.32591761514764e-47
                      -1    3.24050173527502e-43
                      -1    1.45931331071736e-39
                      -1    3.23927119688299e-36
                      -1    3.75933648707278e-33
                      -1    2.40775477016041e-30
                      -1    8.94271706723246e-28
                      -1    2.01563436447827e-25
                      -1    2.87426613955489e-23
                      -1    2.69400920659187e-21
                      -1    1.71883201114756e-19
                      -1    7.70853767517882e-18
                      -1    2.50264247327529e-16
                      -1    6.04277988965974e-15
      -0.999999999999989    1.11233712944678e-13
      -0.999999999999834    1.59682522600832e-12
      -0.999999999997936    1.82533666476313e-11
      -0.999999999979119    1.69351424732297e-10
      -0.999999999825575    1.29779428675471e-09
       -0.99999999877716    8.34791035639855e-09
      -0.999999992698292     4.5741919306903e-08
       -0.99999996236043    2.16421376394344e-07
      -0.999999830402893    8.95239106331755e-07
      -0.999999324396534    3.27488178007088e-06
      -0.999997595603261    1.07061383748892e-05
      -0.999992281521801    3.15825060261821e-05
      -0.999977452449775    8.48197432935613e-05
      -0.999939573351007    0.000209091478559799
      -0.999850324041564    0.000476687514034949
      -0.999654984613793      0.0010120347725229
       -0.99925524981329     0.00201363484587602
      -0.998485876074332     0.00377671349847365
      -0.997085483511854     0.00671262470558476
       -0.99466303378831       0.011360283535492
       -0.99066283870413      0.0183846678470131
      -0.984332295005984      0.0285575813965948
      -0.974697806353845      0.0427162553514065
      -0.960555477900501      0.0616960538616773
      -0.940484017396185      0.0862349884680881
      -0.912887543449852        0.11685071224128
      -0.876075152275288       0.153695989164631
      -0.828381414791641       0.196406702608172
      -0.768326781828763       0.243966562704246
      -0.694808899600435       0.294622376328736
      -0.607305732671061        0.34588879041786
      -0.506061143425548       0.394676560629581
      -0.392216503590633       0.437559603497934
      -0.267851912872196       0.471163674056257
      -0.135910587253423       0.492620594039867
                       0                     0.5
       0.135910587253423       0.492620594039867
       0.267851912872196       0.471163674056257
       0.392216503590633       0.437559603497934
       0.506061143425548       0.394676560629581
       0.607305732671061        0.34588879041786
       0.694808899600435       0.294622376328736
       0.768326781828763       0.243966562704246
       0.828381414791641       0.196406702608172
       0.876075152275288       0.153695989164631
       0.912887543449852        0.11685071224128
       0.940484017396185      0.0862349884680881
       0.960555477900501      0.0616960538616773
       0.974697806353845      0.0427162553514065
       0.984332295005984      0.0285575813965948
        0.99066283870413      0.0183846678470131
        0.99466303378831       0.011360283535492
       0.997085483511854     0.00671262470558476
       0.998485876074332     0.00377671349847365
        0.99925524981329     0.00201363484587602
       0.999654984613793      0.0010120347725229
       0.999850324041564    0.000476687514034949
       0.999939573351007    0.000209091478559799
       0.999977452449775    8.48197432935613e-05
       0.999992281521801    3.15825060261821e-05
       0.999997595603261    1.07061383748892e-05
       0.999999324396534    3.27488178007088e-06
       0.999999830402893    8.95239106331755e-07
        0.99999996236043    2.16421376394343e-07
       0.999999992698292     4.5741919306903e-08
        0.99999999877716    8.34791035639855e-09
       0.999999999825575    1.29779428675471e-09
       0.999999999979119    1.69351424732297e-10
       0.999999999997936    1.82533666476313e-11
       0.999999999999834    1.59682522600832e-12
       0.999999999999989    1.11233712944678e-13
                       1    6.04277988965974e-15
                       1    2.50264247327529e-16
                       1    7.70853767517888e-18
                       1    1.71883201114757e-19
                       1    2.69400920659187e-21
                       1    2.87426613955489e-23
                       1    2.01563436447827e-25
                       1    8.94271706723246e-28
                       1    2.40775477016041e-30
                       1    3.75933648707278e-33
                       1    3.23927119688299e-36
                       1    1.45931331071733e-39
                       1    3.24050173527502e-43
                       1    3.32591761514764e-47
                       1    1.47090169717389e-51
                       1    2.59657021118526e-56
                       1    1.68311808050178e-61
                       1    3.65754187338265e-67
                       1    2.41265651342869e-73
                       1    4.33498169313985e-80
                       1    1.88514889002556e-87
                       1     1.7441762293627e-95
                       1   2.98302044652795e-104
                       1   8.08967827835592e-114
                       1   2.94274487938245e-124
                       1   1.19634646054501e-135
                       1   4.45431335616036e-148
                       1   1.22237962693796e-161
                       1     1.950954631309e-176
 long double
---------------
 k_max = 8.33754760725757
 h     = 0.130274181363399531
                         -1  3.57989619719863115e-2847
                         -1   4.1650069706484948e-2499
                         -1  1.45835650477798187e-2193
                         -1   2.4011314863023278e-1925
                         -1  6.74024594206642037e-1690
                         -1  3.24441855046887422e-1483
                         -1  8.73790830779334645e-1302
                         -1  1.59928248653061817e-1142
                         -1  1.01479482403699123e-1002
                         -1   5.31769941002724351e-880
                         -1   2.80921545042723338e-772
                         -1   1.01558050893954618e-677
                         -1   1.01888328417776229e-594
                         -1   7.31841784316989894e-522
                         -1   6.52791455208262823e-458
                         -1   8.85152878062477549e-402
                         -1   1.64474644289212208e-352
                         -1   2.88618856618774712e-309
                         -1   2.60380869245546222e-271
                         -1   5.34537360389757344e-238
                         -1   9.21615101342279872e-209
                         -1   4.19925088213897803e-183
                         -1   1.38319813769153568e-160
                         -1   7.96793875650631493e-141
                         -1   1.74323037995611928e-123
                         -1   2.86136001529741752e-108
                         -1    6.40544448585451915e-95
                         -1    3.30472101493941804e-83
                         -1    6.22803151992759822e-73
                         -1    6.42377671858903555e-64
                         -1    5.17133456576631813e-56
                         -1    4.43723005120377445e-49
                         -1    5.33480407136279715e-43
                         -1    1.14265995087216573e-37
                         -1    5.38356073303151672e-33
                         -1    6.71369968401811032e-29
                         -1    2.60716996667530583e-25
                         -1    3.63627622324431151e-22
                         -1    2.06458260562849181e-19
      -0.999999999999999996    5.32685838764289315e-17
      -0.999999999999999398    6.87906354133230542e-15
      -0.999999999999951747    4.84012193469181287e-13
      -0.999999999997731466    1.99904367612824248e-11
      -0.999999999933172958    5.17450819721714714e-10
      -0.999999998693485669    8.89190028800076024e-09
      -0.999999982169028895    1.06703573114746394e-07
      -0.999999822407159498    9.34888654709557066e-07
      -0.999998657757433467    6.21960909484629667e-06
      -0.999992032546652107    3.25231911819493105e-05
      -0.999961714633043086     0.00013781213051223375
      -0.999847052008741119    0.000486108004965709966
      -0.999479957019978435     0.00146164141151996092
      -0.998463730927273253     0.00382540360413537728
        -0.9959853314447534     0.00887445916305657873
      -0.990573213444122489      0.0185355756921120977
      -0.979844110029314859      0.0353119473757949528
      -0.960315247133624584      0.0620044528727914631
      -0.927387970470564502       0.101144652530783631
      -0.875626807112936017       0.154121700054839476
      -0.799445553037267694       0.220095774091191137
      -0.694236376576460794       0.294988039378568072
      -0.557811545972413078       0.371063644280909956
      -0.391791557911452975       0.437697390908581857
      -0.202380538469470471       0.483595879692962437
                          0                        0.5
       0.202380538469470471       0.483595879692962437
       0.391791557911452975       0.437697390908581857
       0.557811545972413078       0.371063644280909956
       0.694236376576460794       0.294988039378568072
       0.799445553037267694       0.220095774091191137
       0.875626807112936017       0.154121700054839476
       0.927387970470564502       0.101144652530783631
       0.960315247133624584      0.0620044528727914631
       0.979844110029314859      0.0353119473757949528
       0.990573213444122489      0.0185355756921120977
         0.9959853314447534     0.00887445916305657873
       0.998463730927273253     0.00382540360413537728
       0.999479957019978435     0.00146164141151996092
       0.999847052008741119    0.000486108004965709966
       0.999961714633043086     0.00013781213051223375
       0.999992032546652107    3.25231911819493105e-05
       0.999998657757433467    6.21960909484629667e-06
       0.999999822407159498    9.34888654709557066e-07
       0.999999982169028895    1.06703573114746394e-07
       0.999999998693485669    8.89190028800076022e-09
       0.999999999933172958    5.17450819721714714e-10
       0.999999999997731466    1.99904367612824248e-11
       0.999999999999951747    4.84012193469181288e-13
       0.999999999999999398    6.87906354133230541e-15
       0.999999999999999996    5.32685838764289315e-17
                          1    2.06458260562849181e-19
                          1    3.63627622324431154e-22
                          1    2.60716996667530583e-25
                          1    6.71369968401811028e-29
                          1    5.38356073303151672e-33
                          1    1.14265995087216573e-37
                          1    5.33480407136279715e-43
                          1    4.43723005120377445e-49
                          1    5.17133456576631813e-56
                          1    6.42377671858903555e-64
                          1    6.22803151992759822e-73
                          1    3.30472101493941804e-83
                          1    6.40544448585451924e-95
                          1   2.86136001529741748e-108
                          1   1.74323037995611928e-123
                          1   7.96793875650631493e-141
                          1   1.38319813769153572e-160
                          1    4.1992508821389778e-183
                          1   9.21615101342279821e-209
                          1   5.34537360389757344e-238
                          1   2.60380869245546237e-271
                          1   2.88618856618774712e-309
                          1    1.6447464428921219e-352
                          1   8.85152878062477549e-402
                          1   6.52791455208262823e-458
                          1   7.31841784316989812e-522
                          1   1.01888328417776229e-594
                          1   1.01558050893954618e-677
                          1   2.80921545042723338e-772
                          1   5.31769941002724233e-880
                          1  1.01479482403699123e-1002
                          1  1.59928248653061817e-1142
                          1  8.73790830779334645e-1302
                          1  3.24441855046887422e-1483
                          1  6.74024594206642037e-1690
                          1  2.40113148630232887e-1925
                          1  1.45835650477798187e-2193
                          1   4.1650069706484948e-2499
                          1  3.57989619719862956e-2847
 __float128
---------------
 k_max =  8.3375476072575700048288105421818
 h     =  0.130274181363399531325450164721591
                                        -1   3.5798961971986277196857359881379e-2847
                                        -1  4.16500697064849821582475470827023e-2499
                                        -1  1.45835650477798474917512088578186e-2193
                                        -1  2.40113148630232926038785528861021e-1925
                                        -1  6.74024594206641430613146879443381e-1690
                                        -1   3.2444185504688744158027263968128e-1483
                                        -1  8.73790830779333952910215703342681e-1302
                                        -1  1.59928248653061798417634378309263e-1142
                                        -1  1.01479482403699065494241673459345e-1002
                                        -1   5.31769941002724179877407503361679e-880
                                        -1   2.80921545042723416819464108928108e-772
                                        -1   1.01558050893954593337303305175905e-677
                                        -1   1.01888328417776237939374366151687e-594
                                        -1   7.31841784316989706676596587225587e-522
                                        -1   6.52791455208262872626824601346057e-458
                                        -1   8.85152878062477323771578996074846e-402
                                        -1   1.64474644289212188048190875569147e-352
                                        -1   2.88618856618774744384558691849587e-309
                                        -1   2.60380869245546209871740449170111e-271
                                        -1   5.34537360389757380001443633873802e-238
                                        -1    9.2161510134227978240498465938089e-209
                                        -1   4.19925088213897801236421076034983e-183
                                        -1   1.38319813769153560295945648157741e-160
                                        -1   7.96793875650631488467629395270069e-141
                                        -1   1.74323037995611937108017662579394e-123
                                        -1   2.86136001529741743309121869336987e-108
                                        -1    6.40544448585451935490645859915172e-95
                                        -1    3.30472101493941795571072006650451e-83
                                        -1    6.22803151992759833021639428313144e-73
                                        -1    6.42377671858903539883873931864645e-64
                                        -1    5.17133456576631810738890263355906e-56
                                        -1     4.4372300512037743291447970281469e-49
                                        -1    5.33480407136279713070008297441124e-43
                                        -1    1.14265995087216573792146260822052e-37
                                        -1     5.3835607330315166804758372135736e-33
      -0.999999999999999999999999999996931    6.71369968401811024138886559068207e-29
      -0.999999999999999999999999986425037      2.607169966675305821284360454592e-25
      -0.999999999999999999999978436667331    3.63627622324431154826473879409134e-22
      -0.999999999999999999986057042211565    2.06458260562849181107970023682829e-19
      -0.999999999999999995903399380523551    5.32685838764289316660944329805768e-17
      -0.999999999999999397623826329235329    6.87906354133230539028532264766696e-15
      -0.999999999999951747044045419260811    4.84012193469181287396190856751361e-13
      -0.999999999997731465463665402092267    1.99904367612824248257019845701768e-11
       -0.99999999993317295796209809459521    5.17450819721714712696187944700598e-10
      -0.999999998693485668788266375039781    8.89190028800076024365814105579057e-09
      -0.999999982169028894759493930703536    1.06703573114746394442557478439056e-07
      -0.999999822407159497660216396331985    9.34888654709557067400455439441567e-07
       -0.99999865775743346667597970867964    6.21960909484629666887145136725288e-06
      -0.999992032546652106768697271843442    3.25231911819493105380638595455954e-05
      -0.999961714633043085884411005017208    0.000137812130512233750268055731994469
      -0.999847052008741119325566886256096    0.000486108004965709965808279606411575
      -0.999479957019978434629997446459167     0.00146164141151996091789167240131361
      -0.998463730927273253282153543954412     0.00382540360413537727896094541076138
      -0.995985331444753399510113709534661     0.00887445916305657872714228529887755
      -0.990573213444122489246159135525724       0.018535575692112097748731776721581
      -0.979844110029314858923336863249556      0.0353119473757949527999110300500555
      -0.960315247133624583721349233187708      0.0620044528727914630609720252977459
      -0.927387970470564501837104599104602       0.101144652530783630739899975145799
      -0.875626807112936017258488248143781        0.15412170005483947615966658653306
      -0.799445553037267693957083071442589       0.220095774091191137130924622658424
      -0.694236376576460793670507880268063       0.294988039378568072054635904817245
      -0.557811545972413077633949646699851       0.371063644280909955926054026311904
      -0.391791557911452975239970702319512       0.437697390908581856892669265714091
      -0.202380538469470470618718811071688       0.483595879692962437077170138463126
                                         0                                       0.5
       0.202380538469470470618718811071688       0.483595879692962437077170138463126
       0.391791557911452975239970702319512       0.437697390908581856892669265714092
       0.557811545972413077633949646699851       0.371063644280909955926054026311904
       0.694236376576460793670507880268063       0.294988039378568072054635904817245
       0.799445553037267693957083071442589       0.220095774091191137130924622658424
       0.875626807112936017258488248143781        0.15412170005483947615966658653306
       0.927387970470564501837104599104602       0.101144652530783630739899975145799
       0.960315247133624583721349233187708      0.0620044528727914630609720252977459
       0.979844110029314858923336863249556      0.0353119473757949527999110300500555
       0.990573213444122489246159135525724      0.0185355756921120977487317767215809
       0.995985331444753399510113709534661     0.00887445916305657872714228529887755
       0.998463730927273253282153543954412     0.00382540360413537727896094541076138
       0.999479957019978434629997446459167     0.00146164141151996091789167240131361
       0.999847052008741119325566886256096    0.000486108004965709965808279606411575
       0.999961714633043085884411005017208    0.000137812130512233750268055731994469
       0.999992032546652106768697271843442    3.25231911819493105380638595455954e-05
        0.99999865775743346667597970867964    6.21960909484629666887145136725288e-06
       0.999999822407159497660216396331985    9.34888654709557067400455439441567e-07
       0.999999982169028894759493930703536    1.06703573114746394442557478439056e-07
       0.999999998693485668788266375039781    8.89190028800076024365814105579057e-09
        0.99999999993317295796209809459521    5.17450819721714712696187944700598e-10
       0.999999999997731465463665402092267    1.99904367612824248257019845701767e-11
       0.999999999999951747044045419260811    4.84012193469181287396190856751362e-13
       0.999999999999999397623826329235329    6.87906354133230539028532264766696e-15
       0.999999999999999995903399380523551    5.32685838764289316660944329805771e-17
       0.999999999999999999986057042211565    2.06458260562849181107970023682829e-19
       0.999999999999999999999978436667331    3.63627622324431154826473879409134e-22
       0.999999999999999999999999986425037      2.607169966675305821284360454592e-25
       0.999999999999999999999999999996931    6.71369968401811024138886559068207e-29
                                         1    5.38356073303151668047583721357359e-33
                                         1    1.14265995087216573792146260822052e-37
                                         1    5.33480407136279713070008297441111e-43
                                         1     4.4372300512037743291447970281469e-49
                                         1    5.17133456576631810738890263355906e-56
                                         1    6.42377671858903539883873931864645e-64
                                         1    6.22803151992759833021639428313129e-73
                                         1    3.30472101493941795571072006650443e-83
                                         1    6.40544448585451935490645859915141e-95
                                         1   2.86136001529741743309121869336987e-108
                                         1   1.74323037995611937108017662579394e-123
                                         1   7.96793875650631488467629395270069e-141
                                         1   1.38319813769153560295945648157742e-160
                                         1   4.19925088213897801236421076034983e-183
                                         1    9.2161510134227978240498465938089e-209
                                         1   5.34537360389757380001443633873802e-238
                                         1   2.60380869245546209871740449170111e-271
                                         1   2.88618856618774744384558691849587e-309
                                         1   1.64474644289212188048190875569147e-352
                                         1   8.85152878062477323771578996074846e-402
                                         1   6.52791455208262872626824601346057e-458
                                         1   7.31841784316989706676596587225731e-522
                                         1   1.01888328417776237939374366151687e-594
                                         1   1.01558050893954593337303305175905e-677
                                         1   2.80921545042723416819464108928108e-772
                                         1   5.31769941002724179877407503361679e-880
                                         1  1.01479482403699065494241673459345e-1002
                                         1  1.59928248653061798417634378309263e-1142
                                         1  8.73790830779333952910215703342681e-1302
                                         1   3.2444185504688744158027263968128e-1483
                                         1  6.74024594206641430613146879442849e-1690
                                         1  2.40113148630232926038785528861021e-1925
                                         1  1.45835650477798474917512088578186e-2193
                                         1  4.16500697064849821582475470826695e-2499
                                         1   3.5798961971986277196857359881379e-2847


 sinh_sinh
===============
 float
---------------
 k_max = 3.48552
 h     = 0.0544612
   -6.63125e+10    1.08321e+12
   -1.70179e+10    2.63281e+11
    -4.6931e+09    6.87659e+10
   -1.38548e+09    1.92274e+10
    -4.3627e+08    5.73438e+09
   -1.46028e+08    1.81797e+09
   -5.17882e+07    6.10677e+08
   -1.94001e+07    2.16682e+08
   -7.65407e+06    8.09766e+07
   -3.17173e+06    3.17851e+07
   -1.37683e+06    1.30701e+07
        -624556    5.61639e+06
        -295360    2.51617e+06
        -145295    1.17263e+06
       -74192.3         567294
       -39247.3         284329
       -21467.5         147360
       -12119.9        78833.6
       -7050.55        43459.1
       -4219.47        24648.7
       -2593.82        14361.3
       -1635.48        8583.35
       -1056.27        5255.25
       -697.866         3291.9
       -471.082        2107.11
       -324.522        1376.63
       -227.895        916.982
       -162.972        622.119
       -118.562         429.47
        -87.664        301.397
       -65.8187         214.84
       -50.1369        155.421
       -38.7162        114.021
       -30.2841        84.7673
       -23.9773         63.819
       -19.2016        48.6269
       -15.5427        37.4761
        -12.708        29.1979
       -10.4884        22.9856
       -8.73264        18.2757
       -7.33016        14.6701
       -6.19934        11.8846
       -5.27928        9.71392
       -4.52411        8.00857
       -3.89895        6.65849
       -3.37709        5.58199
       -2.93786        4.71786
       -2.56516        4.01991
       -2.24635        3.45297
       -1.97141        2.99009
       -1.73239        2.61044
       -1.52287        2.29785
       -1.33769         2.0397
       -1.17262        1.82603
       -1.02422        1.64902
      -0.889616        1.50246
      -0.766429        1.38141
      -0.652648        1.28196
      -0.546565        1.20101
      -0.446705         1.1361
      -0.351782        1.08532
       -0.26065        1.04723
      -0.172274        1.02076
     -0.0856943        1.00515
              0              1
      0.0856943        1.00515
       0.172274        1.02076
        0.26065        1.04723
       0.351782        1.08532
       0.446705         1.1361
       0.546565        1.20101
       0.652648        1.28196
       0.766429        1.38141
       0.889616        1.50246
        1.02422        1.64902
        1.17262        1.82603
        1.33769         2.0397
        1.52287        2.29785
        1.73239        2.61044
        1.97141        2.99009
        2.24635        3.45297
        2.56516        4.01991
        2.93786        4.71786
        3.37709        5.58199
        3.89895        6.65849
        4.52411        8.00857
        5.27928        9.71392
        6.19934        11.8846
        7.33016        14.6701
        8.73264        18.2757
        10.4884        22.9856
         12.708        29.1979
        15.5427        37.4761
        19.2016        48.6269
        23.9773         63.819
        30.2841        84.7673
        38.7162        114.021
        50.1369        155.421
        65.8187         214.84
         87.664        301.397
        118.562         429.47
        162.972        622.119
        227.895        916.982
        324.522        1376.63
        471.082        2107.11
        697.866         3291.9
        1056.27        5255.25
        1635.48        8583.35
        2593.83        14361.3
        4219.47        24648.7
        7050.55        43459.1
        12119.9        78833.7
        21467.5         147360
        39247.3         284329
        74192.3         567294
         145295    1.17263e+06
         295360    2.51617e+06
         624557     5.6164e+06
    1.37683e+06    1.30701e+07
    3.17173e+06    3.17851e+07
    7.65407e+06    8.09766e+07
    1.94001e+07    2.16682e+08
    5.17882e+07    6.10677e+08
    1.46028e+08    1.81798e+09
    4.36269e+08    5.73438e+09
    1.38548e+09    1.92274e+10
     4.6931e+09    6.87659e+10
    1.70179e+10     2.6328e+11
    6.63125e+10    1.08321e+12
 double
---------------
 k_max = 5.56495888501779
 h     = 0.0869524825784029
   -5.78448996508563e+88    7.55218085824489e+90
   -2.21260922528733e+81    2.64819679201907e+83
   -3.50943025235043e+74    3.85053085769987e+76
    -2.0503022053079e+68     2.0622466233615e+70
    -3.9581257218711e+62    3.64965121246077e+64
   -2.28570399259223e+57    1.93206265779283e+59
   -3.60393914084463e+52    2.79266325880886e+54
   -1.42702179944581e+48    1.01370638417121e+50
   -1.31423646394899e+44    8.55847113722441e+45
   -2.62405931095841e+40    1.56652815435199e+42
   -1.06497873115328e+37    5.82838585567502e+38
   -8.28163299452083e+33    4.15496379884002e+35
   -1.16889619933877e+31    5.37616291266181e+32
   -2.84942078059532e+28    1.20143375022411e+30
   -1.14627575578989e+26    4.43078794785153e+27
    -7.2987854659458e+23    2.58638563004515e+25
    -7.0798969181775e+21    2.29997469343433e+23
   -1.01015280204838e+20    3.00842894167979e+21
   -2.05290015185601e+18    5.60506670638412e+19
   -5.76989920221054e+16    1.44426163313945e+18
   -2.18299465269488e+15    5.00956785215952e+16
        -108458139360274    2.28184392166209e+15
       -6917239830440.06         133425933599402
       -554653120319.436        9808923692415.18
       -54857613980.4593        889487426953.331
       -6576237626.77272         97767817856.313
       -940315129.388635        12818059007.3024
       -158028014.894108         1975290888.5781
       -30796382.3832007          352992827.5765
       -6873801.75281186        72253258.4042143
       -1737394.93826655         16748774.529778
       -492136.402991679        4351404.38551086
       -154743.829252705        1255043.76111967
       -53540.2809728401        398361.896966758
       -20220.8880026215        138041.110792458
       -8275.09085198993        51839.7263515869
       -3644.70733575201        20956.4725147271
       -1717.02147598485         9063.5105229831
       -860.278061457705        4170.06712985155
       -456.017126728973        2030.53014871542
       -254.516913038953        1041.44558007012
       -148.911410174182        560.196325291061
       -90.9601282178825        314.773564610401
       -57.7910015951026        184.093926760083
       -38.0586491350515        111.695359557616
       -25.8962575499791        70.0958675036688
        -18.151422817254        45.3785148391328
       -13.0692542767127        30.2327467064504
       -9.64037619519581        20.6858407921233
       -7.26640478332182        14.5099838176835
       -5.58253996720679        10.4188968791163
       -4.36054305708923        7.64953333018274
       -3.45413681634764         5.7377104846822
       -2.76744870820748         4.3943838300644
       -2.23631218980646        3.43563334796026
       -1.81692520698217        2.74207665846776
       -1.47881820708376        2.23480496169194
       -1.20040223072597        1.86081316108302
      -0.966093304115317         1.5840059998943
      -0.764417908785729         1.3795482693629
      -0.586739186668106        1.23026207636349
      -0.426381176339831        1.12430384137369
      -0.278010386246878        1.05366026366177
      -0.137183498225948         1.0131839750568
                       0                       1
       0.137183498225948         1.0131839750568
       0.278010386246879        1.05366026366177
       0.426381176339831        1.12430384137369
       0.586739186668106        1.23026207636349
       0.764417908785729         1.3795482693629
       0.966093304115317         1.5840059998943
        1.20040223072597        1.86081316108302
        1.47881820708376        2.23480496169194
        1.81692520698217        2.74207665846776
        2.23631218980646        3.43563334796026
        2.76744870820748         4.3943838300644
        3.45413681634764         5.7377104846822
        4.36054305708923        7.64953333018274
        5.58253996720679        10.4188968791163
        7.26640478332182        14.5099838176835
         9.6403761951958        20.6858407921233
        13.0692542767127        30.2327467064504
         18.151422817254        45.3785148391328
        25.8962575499791        70.0958675036689
        38.0586491350515        111.695359557616
        57.7910015951026        184.093926760083
        90.9601282178825        314.773564610401
        148.911410174182        560.196325291061
        254.516913038953        1041.44558007012
        456.017126728973        2030.53014871542
        860.278061457705        4170.06712985155
        1717.02147598485         9063.5105229831
        3644.70733575202        20956.4725147272
        8275.09085198993        51839.7263515869
        20220.8880026215        138041.110792458
        53540.2809728401        398361.896966758
        154743.829252705        1255043.76111967
        492136.402991679        4351404.38551086
        1737394.93826655         16748774.529778
        6873801.75281186        72253258.4042143
        30796382.3832007          352992827.5765
        158028014.894108         1975290888.5781
        940315129.388632        12818059007.3023
         6576237626.7727        97767817856.3127
        54857613980.4593        889487426953.331
        554653120319.436        9808923692415.18
        6917239830440.06         133425933599402
         108458139360274    2.28184392166209e+15
    2.18299465269488e+15    5.00956785215952e+16
    5.76989920221054e+16    1.44426163313945e+18
    2.05290015185601e+18    5.60506670638412e+19
    1.01015280204839e+20    3.00842894167981e+21
     7.0798969181775e+21    2.29997469343433e+23
     7.2987854659458e+23    2.58638563004515e+25
    1.14627575578989e+26    4.43078794785153e+27
    2.84942078059532e+28    1.20143375022411e+30
    1.16889619933875e+31    5.37616291266173e+32
    8.28163299452083e+33    4.15496379884002e+35
    1.06497873115327e+37    5.82838585567493e+38
    2.62405931095837e+40    1.56652815435196e+42
    1.31423646394899e+44    8.55847113722441e+45
    1.42702179944581e+48    1.01370638417121e+50
    3.60393914084473e+52    2.79266325880894e+54
    2.28570399259223e+57    1.93206265779283e+59
     3.9581257218711e+62    3.64965121246077e+64
     2.0503022053079e+68     2.0622466233615e+70
    3.50943025235043e+74    3.85053085769987e+76
    2.21260922528727e+81    2.64819679201899e+83
    5.78448996508563e+88    7.55218085824489e+90
 long double
---------------
 k_max = 8.33754760725757
 h     = 0.130274181363399531
 -5.40144874025143281e+1424  1.12831719505255329e+1428
  -4.6919020210379209e+1250    8.603844077429776e+1253
 -7.42910120798093602e+1097  1.19592108619615758e+1101
  -5.42464699726134873e+963   7.66585120081917092e+966
  -9.59296612373356589e+845   1.19004798066087586e+849
  -4.09669541803697837e+742   4.46136648028443089e+745
  -7.39621806494556722e+651   7.07076820029756528e+654
  -1.61980299108999475e+572   1.35938278822020256e+575
    -1.905228236903922e+502   1.40361909399464258e+505
  -7.79804235244398196e+440   5.04325060196886613e+443
  -1.00523202795541712e+387   5.70708046690125449e+389
  -4.95350988412016039e+339   2.46878604976165638e+342
  -1.46527580984701422e+298   6.41080508441901137e+300
  -5.12252873204828485e+261   1.96743506088131713e+264
  -5.08179572884909535e+229   1.71338937067065129e+232
  -4.08890249693834097e+201    1.2102317581373188e+204
  -8.88746544080186206e+176   2.30920626132067955e+179
  -1.98781796956541901e+155   4.53403151258239915e+157
  -1.96085761203268734e+136   3.92624361847055745e+138
  -4.05483593166250498e+119   7.12734726380155667e+121
  -9.14954234439623477e+104   1.41181467647265961e+107
   -1.26998985326651588e+92    1.72029359014760637e+94
    -6.5562599702699994e+80    7.79619851677111076e+82
   -8.09352725893360799e+70    8.44869212106320581e+72
   -1.62123599790829432e+62    1.48567390854614611e+64
   -3.74930373350877499e+54    3.01615997617205387e+56
   -7.42465124136531075e+47    5.24333302393634814e+49
   -9.68496050464233403e+41    6.00424437433356934e+43
   -6.61005966134645418e+36    3.59746796798829626e+38
   -1.92842315821479773e+32    9.21355955586033302e+33
   -2.01379212812427214e+28    8.44649536695388064e+29
   -6.44140329000455031e+24    2.37182921152901503e+26
   -5.50427934964079627e+21    1.77930283230698758e+23
   -1.11436634556438116e+19     3.1625031357320486e+20
       -48104208246675886.3    1.19852976835747049e+18
       -403621491437313.787        8829065826291157.83
       -6068979491573.20937        116559144183288.826
       -152274457400.126224        2567840497417.67411
       -5988355106.52455115        88671671942.6066596
       -349360008.113553223        4542769633.62981473
       -28810520.8296888556        329012686.937100449
       -3219015.29764647884        32289061.3476898653
       -469474.820402834038        4137034.97037039148
       -86498.5610791498368        669770.050786565899
       -19562.6602642867984        133139.928605026028
       -5295.38447992986247        31688.4849850689733
       -1677.92373552919255        8832.97027771161163
       -610.336104187374962        2828.14725297151785
        -250.50860145685503          1022.589797940924
       -114.276287900346182        411.372918939636053
       -57.1693547602298436        181.740588052957169
       -30.9953070356975061        87.1839205239522287
       -18.0198227393609177        44.9740419370801827
       -11.1262655611833859        24.7435112344137282
       -7.23128811099646142        14.4219282583370298
       -4.90501679718469654        8.85935698987366456
       -3.44301587649055882        5.71516111989974533
       -2.47897757628447151        3.86372620048791898
       -1.81293586874299781        2.73579760080595894
       -1.33077118243842904        2.03041676045329521
      -0.964556022118631526        1.58232130399871723
       -0.67208830900948622        1.29806047408646383
      -0.425835391270984996        1.12399399417333834
      -0.206656898383005629        1.02980753994084127
                          0                          1
       0.206656898383005629        1.02980753994084127
       0.425835391270984996        1.12399399417333834
        0.67208830900948622        1.29806047408646383
       0.964556022118631526        1.58232130399871723
        1.33077118243842904        2.03041676045329521
        1.81293586874299781        2.73579760080595894
        2.47897757628447151        3.86372620048791898
        3.44301587649055882        5.71516111989974533
        4.90501679718469654        8.85935698987366456
        7.23128811099646142        14.4219282583370298
        11.1262655611833859        24.7435112344137282
        18.0198227393609177        44.9740419370801827
        30.9953070356975061        87.1839205239522287
        57.1693547602298436        181.740588052957169
        114.276287900346182        411.372918939636053
         250.50860145685503          1022.589797940924
        610.336104187374962        2828.14725297151785
        1677.92373552919255        8832.97027771161163
        5295.38447992986247        31688.4849850689733
        19562.6602642867984        133139.928605026028
        86498.5610791498368        669770.050786565899
        469474.820402834038        4137034.97037039148
        3219015.29764647883        32289061.3476898653
        28810520.8296888556        329012686.937100449
        349360008.113553223        4542769633.62981473
        5988355106.52455114        88671671942.6066596
        152274457400.126223         2567840497417.6741
        6068979491573.20937        116559144183288.826
        403621491437313.789        8829065826291157.86
        48104208246675886.3    1.19852976835747049e+18
    1.11436634556438116e+19     3.1625031357320486e+20
    5.50427934964079627e+21    1.77930283230698758e+23
    6.44140329000455031e+24    2.37182921152901503e+26
    2.01379212812427214e+28    8.44649536695388064e+29
    1.92842315821479773e+32    9.21355955586033302e+33
    6.61005966134645418e+36    3.59746796798829626e+38
    9.68496050464233403e+41    6.00424437433356934e+43
     7.4246512413653107e+47    5.24333302393634811e+49
    3.74930373350877501e+54     3.0161599761720539e+56
    1.62123599790829432e+62    1.48567390854614611e+64
    8.09352725893360799e+70    8.44869212106320581e+72
    6.55625997026999931e+80    7.79619851677111065e+82
    1.26998985326651592e+92    1.72029359014760642e+94
   9.14954234439623503e+104   1.41181467647265965e+107
   4.05483593166250498e+119   7.12734726380155667e+121
   1.96085761203268728e+136   3.92624361847055734e+138
   1.98781796956541901e+155   4.53403151258239915e+157
   8.88746544080186255e+176   2.30920626132067968e+179
   4.08890249693834097e+201    1.2102317581373188e+204
   5.08179572884909535e+229   1.71338937067065129e+232
   5.12252873204828513e+261   1.96743506088131724e+264
   1.46527580984701422e+298   6.41080508441901137e+300
   4.95350988412016039e+339   2.46878604976165638e+342
   1.00523202795541712e+387   5.70708046690125449e+389
   7.79804235244398282e+440   5.04325060196886669e+443
     1.905228236903922e+502   1.40361909399464258e+505
   1.61980299108999475e+572   1.35938278822020256e+575
   7.39621806494556722e+651   7.07076820029756528e+654
   4.09669541803697837e+742   4.46136648028443089e+745
   9.59296612373356589e+845   1.19004798066087586e+849
   5.42464699726134753e+963   7.66585120081916922e+966
  7.42910120798093602e+1097  1.19592108619615758e+1101
   4.6919020210379209e+1250    8.603844077429776e+1253
    5.401448740251434e+1424  1.12831719505255354e+1428
 __float128
---------------
 k_max =  8.3375476072575700048288105421818
 h     =  0.130274181363399531325450164721591
  -5.4014487402514353934760470143673e+1424  1.12831719505255382882967899526353e+1428
 -4.69190202103791898005321769370678e+1250  8.60384407742977247636126846259806e+1253
 -7.42910120798092868951123618802259e+1097  1.19592108619615639944073525778573e+1101
  -5.42464699726134708073017800174168e+963   7.66585120081916858959792880259704e+966
  -9.59296612373357020897782101846169e+845     1.190047980660876392458455327126e+849
  -4.09669541803697824462351671523482e+742   4.46136648028443075302325329793816e+745
  -7.39621806494557014781197703890815e+651   7.07076820029756808081552210903739e+654
  -1.61980299108999484146899805322472e+572   1.35938278822020263756853381778612e+575
  -1.90522823690392253465167114420686e+502   1.40361909399464298014136330854947e+505
  -7.79804235244398321219492633365138e+440   5.04325060196886694596111612111369e+443
  -1.00523202795541698364428458719242e+387    5.7070804669012536944785877014942e+389
  -4.95350988412016099159567910492888e+339   2.46878604976165667703378239098526e+342
  -1.46527580984701415853344754984947e+298   6.41080508441901108387440113256519e+300
  -5.12252873204828550120424123252191e+261   1.96743506088131738020513843733968e+264
  -5.08179572884909515380369018709509e+229   1.71338937067065122490768547739227e+232
   -4.0889024969383414867255939226877e+201   1.21023175813731894981979031762091e+204
  -8.88746544080186261352409518554869e+176   2.30920626132067969734189664375217e+179
  -1.98781796956541889416816158838374e+155   4.53403151258239888691751359608367e+157
  -1.96085761203268738580972857707725e+136   3.92624361847055754148445532235865e+138
  -4.05483593166250484726585824362323e+119    7.1273472638015564265245464097663e+121
  -9.14954234439623522182127766298535e+104   1.41181467647265968267141943527117e+107
   -1.26998985326651588367930250615954e+92     1.7202935901476063781266803723464e+94
    -6.5562599702699995924443366155729e+80    7.79619851677111098707491752971301e+82
   -8.09352725893360801612350147430646e+70    8.44869212106320583815791974793303e+72
    -1.6212359979082942785088245369478e+62     1.4856739085461460722401628950463e+64
   -3.74930373350877504405681204809266e+54    3.01615997617205392056618081727487e+56
   -7.42465124136531062931746491726184e+47    5.24333302393634805923786930463311e+49
   -9.68496050464233415553685772167762e+41    6.00424437433356941980866625836683e+43
   -6.61005966134645412112838888617526e+36    3.59746796798829622562722049674099e+38
        -192842315821479774802367699939617    9.21355955586033313094894892054337e+33
       -20137921281242721446790581884.2951        844649536695388065966605118966.429
       -6441403290004550403208453.29710977        237182921152901506002469832.290675
       -5504279349640796275666.47110422905        177930283230698757885833.601236424
       -11143663455643811591.5412404789222        316250313573204858528.289227372956
       -48104208246675886.4515132096961475        1198529768357470491.36148951261981
       -403621491437313.789756932338758579        8829065826291157.88128133070098506
       -6068979491573.20938294057742810763        116559144183288.826084579787725367
       -152274457400.126222840517474547019        2567840497417.67409549002471321978
       -5988355106.52455113870735336985514        88671671942.6066595102725754348971
       -349360008.113553222955332279077829        4542769633.62981472609437778900814
       -28810520.8296888556097120895515628        329012686.937100450085218284686902
       -3219015.29764647883691690277955905        32289061.3476898652801171102971753
       -469474.820402834037898209400170743        4137034.97037039148544094008723995
       -86498.5610791498368719005353449835        669770.050786565899460091890346842
       -19562.6602642867983727827428352416        133139.928605026027617561906849382
        -5295.3844799298624686799236939592        31688.4849850689733063159566479508
       -1677.92373552919254408026505971098        8832.97027771161162492247538217379
       -610.336104187374961766134411415605         2828.1472529715178464417487606856
       -250.508601456855029667189954722723        1022.58979794092400290830724930069
       -114.276287900346181698169599627215        411.372918939636052902143145368534
       -57.1693547602298435962662662357651        181.740588052957168936648842088243
       -30.9953070356975060371984714355603         87.183920523952228622553791921841
       -18.0198227393609177444598826845436        44.9740419370801826531039629031142
       -11.1262655611833858651556688398462        24.7435112344137281614693554750428
       -7.23128811099646141992552841332451         14.421928258337029752923816141167
       -4.90501679718469654187383951398323        8.85935698987366456329373029050978
       -3.44301587649055881612258711032541        5.71516111989974532645736153318319
       -2.47897757628447151408059656336641        3.86372620048791898340483022046372
       -1.81293586874299780963041997252469        2.73579760080595894492379885287748
       -1.33077118243842903756205689291267        2.03041676045329521453870142769192
      -0.964556022118631526416828742202502        1.58232130399871722557673354999154
      -0.672088309009486219632722197879331        1.29806047408646382752800254844001
      -0.425835391270984996274415647873869        1.12399399417333833754407065612262
      -0.206656898383005628900056699895498        1.02980753994084127115711015085414
                                         0                                         1
       0.206656898383005628900056699895498        1.02980753994084127115711015085414
       0.425835391270984996274415647873868        1.12399399417333833754407065612262
       0.672088309009486219632722197879331        1.29806047408646382752800254844001
       0.964556022118631526416828742202502        1.58232130399871722557673354999154
        1.33077118243842903756205689291267        2.03041676045329521453870142769192
        1.81293586874299780963041997252469        2.73579760080595894492379885287748
        2.47897757628447151408059656336641        3.86372620048791898340483022046372
        3.44301587649055881612258711032541        5.71516111989974532645736153318319
        4.90501679718469654187383951398323        8.85935698987366456329373029050978
        7.23128811099646141992552841332451         14.421928258337029752923816141167
        11.1262655611833858651556688398462        24.7435112344137281614693554750428
        18.0198227393609177444598826845436        44.9740419370801826531039629031142
        30.9953070356975060371984714355603         87.183920523952228622553791921841
        57.1693547602298435962662662357651        181.740588052957168936648842088243
        114.276287900346181698169599627215        411.372918939636052902143145368534
        250.508601456855029667189954722723        1022.58979794092400290830724930069
        610.336104187374961766134411415605         2828.1472529715178464417487606856
        1677.92373552919254408026505971098        8832.97027771161162492247538217379
         5295.3844799298624686799236939592        31688.4849850689733063159566479508
        19562.6602642867983727827428352416        133139.928605026027617561906849382
        86498.5610791498368719005353449835        669770.050786565899460091890346842
        469474.820402834037898209400170744        4137034.97037039148544094008723996
        3219015.29764647883691690277955905        32289061.3476898652801171102971753
        28810520.8296888556097120895515628        329012686.937100450085218284686902
        349360008.113553222955332279077828        4542769633.62981472609437778900812
        5988355106.52455113870735336985514        88671671942.6066595102725754348971
        152274457400.126222840517474547019        2567840497417.67409549002471321978
        6068979491573.20938294057742810763        116559144183288.826084579787725367
        403621491437313.789756932338758579        8829065826291157.88128133070098506
        48104208246675886.4515132096961475        1198529768357470491.36148951261981
        11143663455643811591.5412404789222        316250313573204858528.289227372956
        5504279349640796275666.47110422912        177930283230698757885833.601236427
        6441403290004550403208453.29710977        237182921152901506002469832.290675
        20137921281242721446790581884.2951        844649536695388065966605118966.429
         192842315821479774802367699939617    9.21355955586033313094894892054337e+33
    6.61005966134645412112838888617534e+36    3.59746796798829622562722049674103e+38
    9.68496050464233415553685772167773e+41     6.0042443743335694198086662583669e+43
    7.42465124136531062931746491726202e+47    5.24333302393634805923786930463324e+49
    3.74930373350877504405681204809266e+54    3.01615997617205392056618081727487e+56
     1.6212359979082942785088245369478e+62     1.4856739085461460722401628950463e+64
    8.09352725893360801612350147430646e+70    8.44869212106320583815791974793303e+72
     6.5562599702699995924443366155729e+80    7.79619851677111098707491752971301e+82
    1.26998985326651588367930250615954e+92     1.7202935901476063781266803723464e+94
   9.14954234439623522182127766298535e+104   1.41181467647265968267141943527117e+107
   4.05483593166250484726585824362323e+119    7.1273472638015564265245464097663e+121
   1.96085761203268738580972857707725e+136   3.92624361847055754148445532235865e+138
   1.98781796956541889416816158838374e+155   4.53403151258239888691751359608368e+157
   8.88746544080186261352409518554869e+176   2.30920626132067969734189664375217e+179
    4.0889024969383414867255939226877e+201   1.21023175813731894981979031762091e+204
   5.08179572884909515380369018709509e+229   1.71338937067065122490768547739227e+232
   5.12252873204828550120424123252141e+261   1.96743506088131738020513843733949e+264
   1.46527580984701415853344754984947e+298   6.41080508441901108387440113256519e+300
   4.95350988412016099159567910492888e+339   2.46878604976165667703378239098526e+342
   1.00523202795541698364428458719242e+387    5.7070804669012536944785877014942e+389
   7.79804235244398321219492633365138e+440   5.04325060196886694596111612111369e+443
   1.90522823690392253465167114420686e+502   1.40361909399464298014136330854947e+505
   1.61980299108999484146899805322472e+572   1.35938278822020263756853381778612e+575
   7.39621806494557014781197703890815e+651   7.07076820029756808081552210903739e+654
   4.09669541803697824462351671523482e+742   4.46136648028443075302325329793816e+745
   9.59296612373357020897782101846547e+845   1.19004798066087639245845532712647e+849
   5.42464699726134708073017800174168e+963   7.66585120081916858959792880259704e+966
  7.42910120798092868951123618802259e+1097  1.19592108619615639944073525778573e+1101
  4.69190202103791898005321769370863e+1250  8.60384407742977247636126846260146e+1253
   5.4014487402514353934760470143673e+1424  1.12831719505255382882967899526353e+1428


 exp_sinh
===============
 float
---------------
 k_max = 3.48552
 h     = 0.0544612
    7.54005e-12    2.46333e-10
    2.93808e-11     9.0909e-10
    1.06539e-10    3.12214e-09
    3.60886e-10    1.00166e-08
    1.14608e-09    3.01285e-08
    3.42401e-09    8.52544e-08
    9.65471e-09    2.27693e-07
    2.57731e-08    5.75724e-07
    6.53247e-08    1.38221e-06
    1.57642e-07    3.15958e-06
    3.63152e-07    6.89473e-06
    8.00568e-07    1.43984e-05
    1.69285e-06    2.88427e-05
    3.44127e-06    5.55467e-05
    6.73924e-06     0.00010306
    1.27397e-05    0.000184587
     2.3291e-05    0.000319754
    4.12545e-05    0.000536679
    7.09164e-05    0.000874248
    0.000118498     0.00138445
    0.000192766     0.00213458
    0.000305721     0.00320897
    0.000473362     0.00471021
     0.00071647      0.0067593
     0.00106139     0.00949495
     0.00154072      0.0130714
     0.00219398      0.0176556
     0.00306798      0.0234226
     0.00421712      0.0305505
     0.00570341      0.0392152
     0.00759618       0.049584
      0.0099717      0.0618107
      0.0129123      0.0760294
      0.0165058      0.0923517
       0.020844       0.110863
      0.0260219       0.131619
      0.0321362       0.154652
      0.0392844       0.179963
      0.0475638       0.207533
        0.05707       0.237321
      0.0678969       0.269275
      0.0801358       0.303331
      0.0938752       0.339427
       0.109201       0.377503
       0.126197       0.417517
       0.144946       0.459442
       0.165529       0.503283
       0.188028       0.549078
        0.21253       0.596907
       0.239123         0.6469
       0.267904       0.699244
       0.298979       0.754188
       0.332464       0.812054
       0.368495       0.873242
       0.407222       0.938243
       0.448822        1.00765
       0.493497        1.08216
       0.541483        1.16262
       0.593055           1.25
       0.648533        1.34545
       0.708289        1.45032
       0.772761         1.5662
       0.842456        1.69492
       0.917971        1.83867
              1              2
        1.08936        2.18195
        1.18701        2.38811
        1.29406        2.62274
        1.41185        2.89097
        1.54194        3.19893
        1.68618        3.55402
        1.84678        3.96523
        2.02635        4.44349
        2.22805         5.0022
        2.45566        5.65786
        2.71374        6.43089
        3.00784        7.34673
        3.34472        8.43722
        3.73268         9.7425
        4.18195        11.3134
        4.70522         13.215
        5.31835        15.5306
        6.04125        18.3682
        6.89913        21.8685
         7.9241        26.2165
        9.15742        31.6568
        10.6524        38.5163
        12.4788         47.235
        14.7282        58.4112
        17.5223        72.8654
        21.0244        91.7349
        25.4554        116.612
        31.1176         149.75
        38.4292        194.376
        47.9754        255.165
        60.5847        338.977
        77.4453        456.007
        100.284        621.621
        131.645        859.312
        175.334        1205.55
        237.128        1717.85
        325.947        2488.45
        455.793        3667.91
        649.047        5506.49
        942.165        8428.43
        1395.73        13167.6
        2112.55          21021
        3270.96        34333.4
        5187.65        57445.2
        8438.94        98594.9
        14101.1         173836
        24239.8         315335
        42935.1         589442
        78494.5    1.13732e+06
         148385    2.26918e+06
         290590    4.69051e+06
         590720    1.00647e+07
    1.24911e+06    2.24656e+07
    2.75367e+06    5.22806e+07
    6.34347e+06     1.2714e+08
    1.53081e+07    3.23906e+08
    3.88002e+07    8.66727e+08
    1.03576e+08    2.44271e+09
    2.92056e+08    7.27191e+09
    8.72539e+08    2.29375e+10
    2.77096e+09    7.69095e+10
    9.38621e+09    2.75064e+11
    3.40357e+10    1.05312e+12
    1.32625e+11    4.33286e+12
 double
---------------
 k_max = 5.56495888501779
 h     = 0.0869524825784029
     8.6438044325071e-90    2.25705549742884e-87
    2.25977544649833e-82    5.40929687873211e-80
     1.4247326889176e-75    3.12642040911155e-73
    2.43866488903724e-69    4.90574357273545e-67
    1.26322414984746e-63    2.32955083999763e-61
    2.18750985088383e-58    3.69812198792496e-56
    1.38737081970485e-53    2.15012482903651e-51
    3.50380071414591e-49    4.97795500275151e-47
     3.8044903920685e-45    4.95506282248911e-43
    1.90544473561225e-41    2.27504981494351e-39
    4.69492944200437e-38    5.13885574475984e-36
    6.03745662637794e-35    6.05808389148945e-33
    4.27753978738953e-32    3.93478065467367e-30
    1.75474258980991e-29    1.47974422360521e-27
    4.36195215221535e-27    3.37211790924127e-25
    6.85045480967851e-25    4.85503183007454e-23
     7.0622497160412e-23    4.58848364978449e-21
    4.94974620657492e-21    2.94825885977527e-19
    2.43557875695004e-19    1.32998006639678e-17
     8.6656626481177e-18    4.33819851952045e-16
    2.29043162970077e-16    1.05122315765215e-14
    4.61007355417659e-15    1.93982090787481e-13
    7.22831667336003e-14    2.78852526191456e-12
     9.0146432370567e-13    3.18844136586523e-11
    9.11450505627357e-12     2.9557383423004e-10
      7.603131583391e-11    2.26068954916201e-09
    5.31736632085336e-10    1.44969092028659e-08
    3.16399595562244e-09    7.90975244082749e-08
    1.62356731962371e-08    3.72191520278954e-07
    7.27399506096409e-08    1.52919698202183e-06
    2.87787185853564e-07    5.54863212992778e-06
    1.01597849084116e-06    1.79662924089627e-05
    3.23114661443625e-06    5.24121759065954e-05
    9.33876309334338e-06    0.000138968541551947
    2.47269061393085e-05    0.000337604321364572
    6.04222971224947e-05    0.000757037084309525
    0.000137185223539202     0.00157758524538547
    0.000291201924142463     0.00307429032551228
    0.000581207232289346     0.00563462360868064
     0.00109644872877167     0.00976440013636908
      0.0019644984076028      0.0160767500112238
     0.00335766320703062      0.0252621095605172
     0.00549674789028078      0.0380414234022887
     0.00865121843211294      0.0551088698599912
      0.0131353514281992      0.0770732352306407
      0.0193006167833813       0.104407820821865
      0.0275251801062746       0.137417390058407
      0.0382018971363357        0.17622767751579
      0.0517264241999443       0.220799266735909
      0.0684870683064115       0.270964118612334
      0.0888577869153089       0.326480405330133
       0.113195396679507       0.387099947246001
       0.141841652170798       0.452642496027148
       0.175130492520896       0.523072143169193
       0.213400489320822       0.598572921492857
        0.25701240243794        0.67962286470021
       0.306371779893096       0.767068131484383
       0.361956727878577       0.862201146886993
       0.424351327021231       0.966849068294512
       0.494285685899035        1.08348139376474
       0.572684322310365        1.21534848657179
       0.660725491626536        1.36666663947317
       0.759915321528557        1.54287069304508
       0.872182298789935        1.75096309202215
                       1                       2
        1.14654929524183        2.30177280820506
        1.31593609402231        2.67177036160199
         1.5134878443062        3.13054872602159
        1.74616269564658        3.70569981888217
        2.02312150347049        4.43471168368688
        2.35653793525186         5.3691749312827
        2.76276118933052        6.58105149744511
        3.26400819406061        8.17215171528338
        3.89086281640228        10.2886837691708
        4.68602486893374        13.1439604703482
        5.71002790893585        17.0544631770884
        7.05011528486607        22.4981994427017
        8.83428151085797        30.2110333734849
        11.2539377213289        41.3491071111352
          14.60129663495        57.7689711521218
        19.3324788145916        82.5225639017574
        26.1767104505617        120.754759148286
        36.3303708146143        181.376641966473
        51.8118157167416        280.279062193854
        76.1304336215311        446.704364995234
        115.590654408637        736.320598170471
        181.925753183655         1259.0562170182
         297.82617801157        2240.76003905468
        509.035790576313        4165.76624353045
        912.035349906676        8122.11083046153
        1720.55670412264        16680.2628847826
        3434.04324317162        36254.0390176421
        7289.41480868926        83825.8884813234
        16550.1817644022         207358.90464931
        40441.7760299699        552164.442832227
        107080.561955019        1593447.58772806
        309487.658508642        5020175.04442626
        984272.805984374        17405617.5420255
         3474789.8765334        66995098.1191063
        13747603.5056238        289013033.616856
        61592764.7664014          1411971310.306
        316056029.788216         7901163554.3124
        1880630258.77726        51272236029.2092
        13152475253.5454        391071271425.251
        109715227960.919        3557949707813.32
        1109306240638.87        39235694769660.7
        13834479660880.1         533703734397608
         216916278720549    9.12737568664837e+15
    4.36598930538975e+15    2.00382714086381e+17
    1.15397984044211e+17     5.7770465325578e+18
    4.10580030371202e+18    2.24202668255365e+20
    2.02030560409677e+20    1.20337157667193e+22
     1.4159793836355e+22    9.19989877373731e+23
    1.45975709318916e+24    1.03455425201806e+26
    2.29255151157978e+26    1.77231517914061e+28
    5.69884156119063e+28    4.80573500089643e+30
    2.33779239867751e+31    2.15046516506469e+33
    1.65632659890417e+34    1.66198551953601e+36
    2.12995746230654e+37    2.33135434226997e+39
    5.24811862191674e+40    6.26611261740786e+42
    2.62847292789797e+44    3.42338845488976e+46
    2.85404359889162e+48    4.05482553668485e+50
    7.20787828168946e+52    1.11706530352358e+55
    4.57140798518446e+57    7.72825063117131e+59
     7.9162514437422e+62    1.45986048498431e+65
     4.1006044106158e+68    8.24898649344598e+70
    7.01886050470085e+74    1.54021234307995e+77
    4.42521845057454e+81     1.0592787168076e+84
    1.15689799301713e+89    3.02087234329796e+91
 long double
---------------
 k_max = 8.33754760725757
 h     = 0.130274181363399531
  9.25677580301771833e-1426  3.86732516091788822e-1422
  1.06566590213960246e-1251  3.90836092464454025e-1248
  6.73028925037203587e-1099  2.16685561426259216e-1095
    9.2171896208624576e-965   2.60505814143992036e-961
   5.21215225354513043e-847   1.29317901975751612e-843
   1.22049590945568999e-743   2.65827892198000242e-740
   6.76021171373723919e-653   1.29254950551878201e-649
   3.08679513959621072e-573    5.1810451105602791e-570
   2.62435749331807905e-503   3.86683150683844512e-500
   6.41186566322373409e-442   8.29352904339176419e-439
   4.97397601842204152e-388   5.64782668839331675e-385
   1.00938528779944025e-340   1.00613761783036498e-337
   3.41232685778252046e-299   2.98589005872631234e-296
   9.76080420734059849e-263   7.49776113495452919e-260
   9.83904168287452964e-231    6.6347056578130711e-228
   1.22282201733689274e-202    7.2386076265636466e-200
    5.6259009200140196e-178   2.92352543401710569e-175
   2.51532085762013241e-156   1.14744349908445108e-153
   2.54990467911478847e-137   1.02113961897563433e-134
   1.23309551465624222e-120   4.33492259144883582e-118
   5.46475420496012017e-106   1.68647127899324338e-103
     3.9370393292037716e-93    1.06660120232739362e-90
     7.6262991746407066e-82    1.81372131621980526e-79
    6.17777619082090188e-72    1.28977459046594832e-69
     3.0840667283794339e-63    5.65237568926442823e-61
    1.33358094072596368e-55     2.1456215576534666e-53
    6.73432305095121968e-49    9.51163827067926806e-47
     5.1626436655093517e-43    6.40121850170995849e-41
    7.56422824628713158e-38    8.23353198389353244e-36
    2.59279192883612643e-33    2.47755195746563157e-31
    2.48287791484079505e-29    2.08279856808743251e-27
    7.76228373677324575e-26     5.7163976500662104e-24
    9.08384128492005946e-23    5.87285037687637783e-21
    4.48685481206604787e-20    2.54668358735238128e-18
    1.03941010199362584e-17    5.17943853220750332e-16
    1.23878438241600597e-15    5.41958695905122399e-14
    8.23861739348849405e-14    3.16457221175960776e-12
    3.28354478181568972e-12    1.10742397770301557e-10
    8.34953824724305522e-11    2.47269075785142848e-09
    1.43118842565827952e-09    3.72198257905334041e-08
    1.73547712988498476e-08    3.96378806892615496e-07
    1.55327003374464646e-07    3.11608531004966894e-06
    1.06501984402572777e-06    1.87700134166184261e-05
    5.78044297784066167e-06    8.95175026792830671e-05
    2.55588960253100865e-05    0.000347898449557947087
    9.44218493364016694e-05     0.00113007292027522498
    0.000297987295259336252     0.00313734456338309237
    0.000819220198524634242      0.0075921192547253202
     0.00199593149784456547      0.0162948730182517557
     0.00437527712582901862      0.0314991263154817022
     0.00874527554447101465      0.0555937157458150532
      0.0161272787156104271      0.0906787716784788637
      0.0277258907990467165       0.138184459406903984
      0.0448483196243576681       0.198673992998383581
       0.068816528269935516       0.271904878831042952
       0.100898681592788619       0.357136449397827793
       0.142281646137939997       0.453609513269477505
       0.194097399042863517       0.561106001926964786
       0.257507674118030841       0.680519765410012805
        0.33384647336381992       0.814418220993146281
       0.424820931701071786       0.967632590661814551
       0.532777947098315413        1.14797470854121999
       0.661057326737058742        1.36724527222609902
       0.814473393817399086        1.64278907097538619
                          1                          2
        1.22778719058341034        2.47644108878797889
        1.51272810927902873        3.12873070446725433
        1.87695456511728785        4.04426718780463532
        2.35393297593833484        5.36165262533305435
        2.99538883824067799        7.30724882082003458
        3.88337941160402646         10.262670637813823
        5.15205255161180655        14.8937988000247111
        7.02831339911905763        22.4070349663295038
         9.9109322759621817        35.0802915100968305
        14.5313927502628584        57.4158081545170761
        22.2973794419911294         98.775370944656529
        36.0673713695208822        179.757983288913827
        62.0067413501106225        348.645003324130436
        114.347454796004158        726.906758496082861
        228.556951077818192        1645.46017663222873
        501.019198845207904        4090.34289689067776
        1220.67302759494845        11312.5814197668167
        3355.84776904568035        35331.8779735018831
        10590.7690542815743        126753.938810202973
        39125.3205541324928        532559.714072205662
        172997.122164080117        2679080.20305674609
        938949.640806733095        16548139.8814627959
          6438030.595293113        129156245.390756345
        57621041.6593777285         1316050747.7484014
        698720016.227106448        18171078534.5192589
        11976710213.0491023        354686687770.426638
        304548914800.252446        10271361989670.6964
        12137958983146.4187        466236576733155.303
        807242982874627.577        35316263305164631.4
        96208416493351772.6    4.79411907342988195e+18
    2.22873269112876233e+19    1.26500125429281944e+21
    1.10085586992815925e+22     7.1172113292279503e+23
    1.28828065800091006e+25    9.48731684611606011e+26
    4.02758425624854428e+28    3.37859814678155226e+30
    3.85684631642959545e+32    3.68542382234413321e+34
    1.32201193226929084e+37     1.4389871871953185e+39
    1.93699210092846681e+42    2.40169774973342774e+44
    1.48493024827306214e+48    2.09733320957453924e+50
    7.49860746701755003e+54    1.20646399046882156e+57
    3.24247199581658864e+62    5.94269563418458444e+64
     1.6187054517867216e+71    3.37947684842528233e+73
    1.31125199405399986e+81    3.11847940670844426e+83
    2.53997970653303183e+92    6.88117436059042569e+94
   1.82990846887924701e+105   5.64725870589063861e+107
   8.10967186332500997e+119   2.85093890552062267e+122
   3.92171522406537457e+136   1.57049744738822294e+139
   3.97563593913083801e+155   1.81361260503295966e+158
   1.77749308816037251e+177   9.23682504528271873e+179
   8.17780499387668193e+201   4.84092703254927518e+204
   1.01635914576981907e+230   6.85355748268260516e+232
   1.02450574640965703e+262   7.86974024352526895e+264
   2.93055161969402845e+298   2.56432203376760455e+301
   9.90701976824032078e+339    9.8751441990466255e+342
   2.01046405591083425e+387    2.2828321867605018e+390
   1.55960847048879656e+441   2.01730024078754668e+444
   3.81045647380784399e+502   5.61447637597857033e+505
   3.23960598217998949e+572   5.43753115288081023e+575
   1.47924361298911344e+652   2.82830728011902611e+655
   8.19339083607395673e+742   1.78454659211377235e+746
   1.91859322474671318e+846   4.76019192264350343e+849
   1.08492939945226951e+964   3.06634048032766769e+967
   1.4858202415961872e+1098  4.78368434478463032e+1101
  9.38380404207584181e+1250   3.4415376309719104e+1254
   1.0802897480502868e+1425  4.51326878021021415e+1428
 __float128
---------------
 k_max =  8.3375476072575700048288105421818
 h     =  0.130274181363399531325450164721591
  9.25677580301771389829919778824477e-1426  3.86732516091788636703432664105625e-1422
   1.0656659021396028925970136236001e-1251  3.90836092464454185513691877073777e-1248
  6.73028925037204250670278857071952e-1099  2.16685561426259430043930765265678e-1095
   9.21718962086246040758753168908289e-965   2.60505814143992115217252747732363e-961
   5.21215225354512808615103243678125e-847   1.29317901975751553358170601946704e-843
   1.22049590945569002603799284611777e-743   2.65827892198000249473135391434376e-740
   6.76021171373723650809347238655939e-653   1.29254950551878150108396555540326e-649
   3.08679513959621053741143839961522e-573   5.18104511056027879537340062230925e-570
   2.62435749331807830860208631549985e-503   3.86683150683844402751867704698325e-500
   6.41186566322373306426479065292203e-442   8.29352904339176285722717165250933e-439
   4.97397601842204221350401117088694e-388   5.64782668839331754190413267907924e-385
   1.00938528779944012380130123925561e-340   1.00613761783036486008694899358792e-337
   3.41232685778252061343780442765892e-299   2.98589005872631247573511117760246e-296
   9.76080420734059724092770451304328e-263   7.49776113495452823111414061774975e-260
   9.83904168287453001475677028755439e-231   6.63470565781307135495560018958678e-228
   1.22282201733689258660456701273092e-202    7.2386076265636456813871856254248e-200
   5.62590092001401924831000489858046e-178   2.92352543401710550846654208636143e-175
   2.51532085762013255158692693648559e-156   1.14744349908445114879294882953061e-153
   2.54990467911478841329338846682097e-137   1.02113961897563430531050692538643e-134
   1.23309551465624226372636712085228e-120   4.33492259144883596221037143138379e-118
   5.46475420496011990535893704705659e-106   1.68647127899324329414474216410067e-103
    3.93703932920377158643100469365343e-93    1.06660120232739361422740330158204e-90
    7.62629917464070637378774175848906e-82    1.81372131621980520299187561538883e-79
    6.17777619082090186325936951982648e-72    1.28977459046594831726628263054339e-69
     3.0840667283794339758134121184987e-63    5.65237568926442837012218125113345e-61
    1.33358094072596366471246968990323e-55    2.14562155765346657099870558539558e-53
    6.73432305095121978514356180811581e-49    9.51163827067926820601007144977352e-47
    5.16264366550935163635824186485121e-43    6.40121850170995840724455269942604e-41
    7.56422824628713165118859544448822e-38    8.23353198389353250995415306896845e-36
    2.59279192883612639783079925851479e-33    2.47755195746563154419244830165059e-31
    2.48287791484079504582633188346993e-29    2.08279856808743250590887143884062e-27
    7.76228373677324564461158931327634e-26    5.71639765006621032200649630120286e-24
     9.0838412849200594480725172404571e-23    5.87285037687637782274570559277168e-21
     4.4868548120660478850067070934111e-20    2.54668358735238128638799104155564e-18
     1.0394101019936258321530746366183e-17    5.17943853220750330078373683082491e-16
    1.23878438241600595800275535986939e-15    5.41958695905122395747924555670039e-14
    8.23861739348849402918421422869764e-14    3.16457221175960775466937061330735e-12
    3.28354478181568973793412776004391e-12    1.10742397770301557952477794529129e-10
    8.34953824724305522912646758065055e-11    2.47269075785142848659094100115512e-09
    1.43118842565827952633314638997029e-09     3.7219825790533404148178456320397e-08
    1.73547712988498475936897301077738e-08    3.96378806892615494888557397368719e-07
    1.55327003374464646502641213324857e-07    3.11608531004966894465491863747614e-06
     1.0650198440257277741867191531827e-06     1.8770013416618426083736892260934e-05
    5.78044297784066165848186723759012e-06    8.95175026792830670137220214851101e-05
    2.55588960253100864867890692043133e-05    0.000347898449557947086841666819384195
    9.44218493364016694330877381582467e-05      0.0011300729202752249848453101843896
    0.000297987295259336251734167201475983     0.00313734456338309237466055907900398
     0.00081922019852463424194357002440778     0.00759211925472532020410678108936097
     0.00199593149784456547387451465486506       0.016294873018251755745231448523001
     0.00437527712582901861844260685536896      0.0314991263154817021930781396035448
     0.00874527554447101464920676792087351      0.0555937157458150532098565855363296
      0.0161272787156104270924771326336408      0.0906787716784788637097728410698479
      0.0277258907990467165462058618404219       0.138184459406903983920272832019544
      0.0448483196243576681191256425727208       0.198673992998383580604164682201535
      0.0688165282699355160242241718177133       0.271904878831042951742618789136216
       0.100898681592788619343621115563473       0.357136449397827793050043314749231
       0.142281646137939997188630964901972       0.453609513269477504992642390076261
       0.194097399042863516955506360449987       0.561106001926964786185989018099019
       0.257507674118030840833385766058267       0.680519765410012804693462965617202
       0.333846473363819919609966592312012       0.814418220993146281291300337263827
       0.424820931701071785860213329104352       0.967632590661814550997428068083794
       0.532777947098315413253237935769315        1.14797470854121999149318376522579
       0.661057326737058741838413822707234        1.36724527222609902449748027204309
       0.814473393817399086190199872959048        1.64278907097538619220999699097726
                                         1                                         2
        1.22778719058341034399031327275004        2.47644108878797889241844361243928
        1.51272810927902873438724511845497        3.12873070446725432567880235244741
        1.87695456511728785251868233152798        4.04426718780463531861882642853426
        2.35393297593833483869387081350936        5.36165262533305435130950613188236
        2.99538883824067799473408037813735        7.30724882082003457686350537350384
        3.88337941160402646009422571110765        10.2626706378138229750017324458927
        5.15205255161180654511669948718281        14.8937988000247111474333318637559
        7.02831339911905762943380518555279        22.4070349663295038008368037426565
        9.91093227596218170309130014352993        35.0802915100968304601248778472899
        14.5313927502628583558752809984667        57.4158081545170760599526457755317
        22.2973794419911293984304633222651        98.7753709446565290652732572179698
        36.0673713695208822054659712309277        179.757983288913826628495578780437
        62.0067413501106225014894200037543        348.645003324130435626505394846294
        114.347454796004158207181739239451        726.906758496082860693385511767435
        228.556951077818192414957641861285        1645.46017663222872990637950333453
          501.0191988452079038998537839601        4090.34289689067775987748376575425
        1220.67302759494844816651076640123        11312.5814197668166604467909359613
        3355.84776904568034749678185358916        35331.8779735018831165975268681361
        10590.7690542815742737615168210061        126753.938810202972950038841746493
        39125.3205541324927708755721572722         532559.71407220566091230054055586
        172997.122164080116721641732348449        2679080.20305674609516108449437365
        938949.640806733095640444528115675        16548139.8814627959283471419228761
         6438030.5952931130008371800237646        129156245.390756345035158391519757
        57621041.6593777285741954779529732        1316050747.74840140396206624613211
        698720016.227106447341852983813936        18171078534.5192588671576853654991
        11976710213.0491022774982021221827        354686687770.426638038617610981737
         304548914800.25244568103823263882        10271361989670.6963819599881104814
        12137958983146.4187658811549386014        466236576733155.304338319147736897
        807242982874627.579513864677518396         35316263305164631.525125322803886
        96208416493351772.9030264193922951        4794119073429881965.44595805047926
        22287326911287623183.0824809578444        1265001254292819434113.15690949182
        11008558699281592551332.9422084582        711721132922795031543334.404945706
        12882806580009100806416906.5942195        948731684611606024009879329.162701
        40275842562485442893581163768.5902        3378598146781552263866420475865.72
         385684631642959549604735399879234    3.68542382234413325237957956821735e+34
    1.32201193226929082422567777723507e+37    1.43898718719531849025088819869641e+39
    1.93699210092846683110737154433555e+42    2.40169774973342776792346650334676e+44
     1.4849302482730621258634929834524e+48     2.0973332095745392236951477218533e+50
    7.49860746701755008811362409618532e+54    1.20646399046882156822647232690995e+57
    3.24247199581658855701764907389559e+62    5.94269563418458428896065158018519e+64
    1.61870545178672160322470029486129e+71    3.37947684842528233526316789917321e+73
    1.31125199405399991848886732311458e+81    3.11847940670844439482996701188521e+83
    2.53997970653303176735860501231909e+92     6.8811743605904255125067214893856e+94
   1.82990846887924704436425553259707e+105   5.64725870589063873068567774108467e+107
   8.10967186332500969453171648724645e+119   2.85093890552062257060981856390652e+122
    3.9217152240653747716194571541545e+136   1.57049744738822301659378212894346e+139
   3.97563593913083778833632317676747e+155   1.81361260503295955476700543843347e+158
   1.77749308816037252270481903710974e+177    9.2368250452827187893675865750087e+179
   8.17780499387668297345118784537541e+201   4.84092703254927579927916127048363e+204
   1.01635914576981903076073803741902e+230   6.85355748268260489963074190956909e+232
   1.02450574640965710024084824650428e+262   7.86974024352526952082055374935796e+264
   2.93055161969402831706689509969894e+298   2.56432203376760443354976045302608e+301
   9.90701976824032198319135820985776e+339   9.87514419904662670813512956394106e+342
   2.01046405591083396728856917438484e+387   2.28283218676050147779143508059768e+390
   1.55960847048879664243898526673028e+441   2.01730024078754677838444644844548e+444
   3.81045647380784506930334228841373e+502    5.6144763759785719205654532341979e+505
   3.23960598217998968293799610644943e+572   5.43753115288081055027413527114446e+575
   1.47924361298911402956239540778163e+652   2.82830728011902723232620884361496e+655
   8.19339083607395648924703343046963e+742   1.78454659211377230120930131917526e+746
   1.91859322474671404179556420369309e+846   4.76019192264350556983382130850587e+849
   1.08492939945226941614603560034834e+964   3.06634048032766743583917152103881e+967
  1.48582024159618573790224723760452e+1098  4.78368434478462559776294103114293e+1101
  9.38380404207583796010643538741726e+1250  3.44153763097190899054450738504058e+1254
  1.08028974805028707869520940287346e+1425   4.5132687802102153153187159810541e+1428
